        0.0230403441      1253.9426383972
        0.0232090331      1239.9403610229
        0.0233777221      1227.0701560974
        0.0235464111      1213.9166450500
        0.0237151001      1198.8436431885
        0.0238837891      1184.3994903564
        0.0240524781      1170.6744842529
        0.0242211671      1157.6843223572
        0.0243898561      1143.2050361633
        0.0245585451      1129.2952041626
        0.0247272341      1115.9497299194
        0.0248959231      1103.9658088684
        0.0250646121      1092.2001953125
        0.0252333011      1080.0011062622
        0.0254019901      1065.5241317749
        0.0255706791      1053.1796531677
        0.0257393681      1040.7706375122
        0.0259080571      1029.0242042542
        0.0260767461      1016.5495491028
        0.0262454351      1004.4556922913
        0.0264141241       990.6034355164
        0.0265828131       978.5176429749
        0.0267515021       966.8306121826
        0.0269201911       955.6481781006
        0.0270888801       943.6857299805
        0.0272575691       930.5267753601
        0.0274262581       919.2623519897
        0.0275949471       907.4970893860
        0.0277636361       896.4040794373
        0.0279323251       884.0237464905
        0.0281010141       873.9075050354
        0.0282697031       863.2943267822
        0.0284383921       854.0400848389
        0.0286070811       843.7432899475
        0.0287757701       834.5420150757
        0.0289444591       822.4663543701
        0.0291131481       810.8260498047
        0.0292818371       800.6546249390
        0.0294505261       792.3086318970
        0.0296192151       782.5879974365
        0.0297879041       772.9707603455
        0.0299565931       762.4090919495
        0.0301252821       752.6483840942
        0.0302939711       741.5570068359
        0.0304626601       732.0412712097
        0.0306313491       722.1800613403
        0.0308000381       711.7075805664
        0.0309687271       701.8309860229
        0.0311374161       691.9578361511
        0.0313061051       683.9653244019
        0.0314747941       674.7988662720
        0.0316434831       665.6095466614
        0.0318121721       655.7441024780
        0.0319808611       647.1465606689
        0.0321495500       638.8123168945
        0.0323182390       630.5404357910
        0.0324869280       622.4981460571
        0.0326556170       614.8055229187
        0.0328243060       605.8875427246
        0.0329929950       596.1462821960
        0.0331616840       586.9703330994
        0.0333303730       579.4663887024
        0.0334990620       571.5618247986
        0.0336677510       563.5714073181
        0.0338364400       555.1307334900
        0.0340051290       547.1542320251
        0.0341738180       538.5205192566
        0.0343425070       530.7742958069
        0.0345111960       522.8514785767
        0.0346798850       516.0700950623
        0.0348485740       508.0531082153
        0.0350172630       500.7320938110
        0.0351859520       493.3906517029
        0.0353546410       485.1556968689
        0.0355233300       477.2814292908
        0.0356920190       470.3548164368
        0.0358607080       462.5112304688
        0.0360293970       454.8852996826
        0.0361980860       447.3510093689
        0.0363667750       442.3424415588
        0.0365354640       435.7698478699
        0.0367041530       427.7299499512
        0.0368728420       420.8102760315
        0.0370415310       413.7521247864
        0.0372102200       407.2832717896
        0.0373789090       400.6615333557
        0.0375475980       394.6621284485
        0.0377162870       388.8213043213
        0.0378849760       382.0825271606
        0.0380536650       374.6875228882
        0.0382223540       368.4370880127
        0.0383910430       363.0432167053
        0.0385597320       357.2595252991
        0.0387284210       351.3008880615
        0.0388971100       345.6044807434
        0.0390657990       339.7216682434
        0.0392344880       333.7653961182
        0.0394031770       327.0584297180
        0.0395718660       321.4167060852
        0.0397405550       315.8828010559
        0.0399092440       311.0926895142
        0.0400779330       306.3956146240
        0.0402466220       300.8221549988
        0.0404153110       295.6278991699
        0.0405840000       290.5057525635
        0.0407526890       285.2026977539
        0.0409213780       280.3696479797
        0.0410900670       276.1293525696
        0.0412587560       271.2634620667
        0.0414274450       266.1363372803
        0.0415961340       260.5823402405
        0.0417648230       255.6695594788
        0.0419335120       250.5502548218
        0.0421022010       245.5006904602
        0.0422708900       241.1495971680
        0.0424395790       237.0193023682
        0.0426082680       232.5957946777
        0.0427769570       228.3446769714
        0.0429456460       223.9584121704
        0.0431143350       219.5876770020
        0.0432830240       214.5906791687
        0.0434517130       210.1652641296
        0.0436204020       205.4918594360
        0.0437890910       201.5684356689
        0.0439577800       197.4238662720
        0.0441264690       194.2063865662
        0.0442951580       190.5996208191
        0.0444638470       187.0329284668
        0.0446325359       183.3191604614
        0.0448012249       179.3013839722
        0.0449699139       175.2547645569
        0.0451386029       171.1561431885
        0.0453072919       167.9257392883
        0.0454759809       164.5266036987
        0.0456446699       161.2254371643
        0.0458133589       157.4603691101
        0.0459820479       154.2017173767
        0.0461507369       151.3428306580
        0.0463194259       148.5359878540
        0.0464881149       145.9541091919
        0.0466568039       142.7963981628
        0.0468254929       138.9724044800
        0.0469941819       135.4698104858
        0.0471628709       132.7933769226
        0.0473315599       130.3718376160
        0.0475002489       127.8742828369
        0.0476689379       125.5746231079
        0.0478376269       122.8876876831
        0.0480063159       120.1401023865
        0.0481750049       117.0591011047
        0.0483436939       114.4884910583
        0.0485123829       112.5093574524
        0.0486810719       110.0740623474
        0.0488497609       106.5697174072
        0.0490184499       103.9487380981
        0.0491871389       102.0650634766
        0.0493558279       100.1153259277
        0.0495245169        98.0373764038
        0.0496932059        95.7478332520
        0.0498618949        93.5862655640
        0.0500305839        91.7922744751
        0.0501992729        89.9241142273
        0.0503679619        87.6915855408
        0.0505366509        85.0901222229
        0.0507053399        82.7637557983
        0.0508740289        81.2163467407
        0.0510427179        79.4527282715
        0.0512114069        77.8657913208
        0.0513800959        75.4279747009
        0.0515487849        73.6872024536
        0.0517174739        72.1877708435
        0.0518861629        70.3045578003
        0.0520548519        68.4568061829
        0.0522235409        66.9798965454
        0.0523922299        65.6364707947
        0.0525609189        63.9930648804
        0.0527296079        62.3063011169
        0.0528982969        60.6459617615
        0.0530669859        59.0935249329
        0.0532356749        57.4872741699
        0.0534043639        55.4436302185
        0.0535730529        53.7566528320
        0.0537417419        52.4064941406
        0.0539104309        51.0710258484
        0.0540791199        49.7908172607
        0.0542478089        48.5986671448
        0.0544164979        47.4996147156
        0.0545851869        46.3484115601
        0.0547538759        45.1367492676
        0.0549225649        43.6082153320
        0.0550912539        42.5478477478
        0.0552599429        41.7959747314
        0.0554286319        40.9718513489
        0.0555973209        39.8883857727
        0.0557660099        38.6223030090
        0.0559346989        37.2241744995
        0.0561033879        36.0579490662
        0.0562720769        35.1761245728
        0.0564407659        34.1657447815
        0.0566094549        33.1487846375
        0.0567781439        32.3409957886
        0.0569468329        31.8146133423
        0.0571155218        31.2050399780
        0.0572842108        30.2739067078
        0.0574528998        29.3083572388
        0.0576215888        28.6291236877
        0.0577902778        27.9544563293
        0.0579589668        27.2186088562
        0.0581276558        26.5686950684
        0.0582963448        25.8037452698
        0.0584650338        25.0409774780
        0.0586337228        24.4388046265
        0.0588024118        24.0711402893
        0.0589711008        23.5778617859
        0.0591397898        23.2748870850
        0.0593084788        22.7270393372
        0.0594771678        21.9441795349
        0.0596458568        21.3303642273
        0.0598145458        20.7504882812
        0.0599832348        20.3335266113
        0.0601519238        19.8561096191
        0.0603206128        19.3941650391
        0.0604893018        18.6978378296
        0.0606579908        18.2739524841
        0.0608266798        18.0313606262
        0.0609953688        18.1299781799
        0.0611640578        17.9270019531
        0.0613327468        17.3884277344
        0.0615014358        16.8095397949
        0.0616701248        16.4338073730
        0.0618388138        16.3426475525
        0.0620075028        16.2722816467
        0.0621761918        15.9063034058
        0.0623448808        15.2483482361
        0.0625135698        14.7744865417
        0.0626822588        14.4041938782
        0.0628509478        14.2554473877
        0.0630196368        14.1080741882
        0.0631883258        13.7663993835
        0.0633570148        13.4384193420
        0.0635257038        13.5397777557
        0.0636943928        13.6370735168
        0.0638630818        13.5335445404
        0.0640317708        13.3969917297
        0.0642004598        12.9025497437
        0.0643691488        12.4130020142
        0.0645378378        12.6196556091
        0.0647065268        12.8752746582
        0.0648752158        12.6900444031
        0.0650439048        12.2752838135
        0.0652125938        11.7475357056
        0.0653812828        11.8384933472
        0.0655499718        11.9430847168
        0.0657186608        11.9304275513
        0.0658873498        11.7576713562
        0.0660560388        11.8891067505
        0.0662247278        11.8445034027
        0.0663934168        11.6359748840
        0.0665621058        11.4370746613
        0.0667307948        11.8105926514
        0.0668994838        11.9101524353
        0.0670681728        11.8026409149
        0.0672368618        11.6251811981
        0.0674055508        11.6416168213
        0.0675742398        11.6182155609
        0.0677429288        11.5554237366
        0.0679116178        11.6637458801
        0.0680803068        11.6206283569
        0.0682489958        11.4813079834
        0.0684176848        11.5870723724
        0.0685863738        11.8311176300
        0.0687550628        12.0626049042
        0.0689237518        12.1318988800
        0.0690924408        12.0933437347
        0.0692611298        11.9213619232
        0.0694298188        12.0686874390
        0.0695985077        11.9751472473
        0.0697671967        12.1873760223
        0.0699358857        12.2443752289
        0.0701045747        12.7859878540
        0.0702732637        12.8980064392
        0.0704419527        12.8317012787
        0.0706106417        12.5670413971
        0.0707793307        12.3580551147
        0.0709480197        12.3307361603
        0.0711167087        12.4990806580
        0.0712853977        12.6349811554
        0.0714540867        12.8686180115
        0.0716227757        13.0149440765
        0.0717914647        13.0723190308
        0.0719601537        12.8213043213
        0.0721288427        12.6949958801
        0.0722975317        12.7560424805
        0.0724662207        13.2816085815
        0.0726349097        13.4399623871
        0.0728035987        13.6506061554
        0.0729722877        13.5894279480
        0.0731409767        13.4738368988
        0.0733096657        13.3754043579
        0.0734783547        13.4159183502
        0.0736470437        13.4838371277
        0.0738157327        13.5338745117
        0.0739844217        13.5069313049
        0.0741531107        13.5020465851
        0.0743217997        13.5142574310
        0.0744904887        13.6747226715
        0.0746591777        13.6645469666
        0.0748278667        13.9078617096
        0.0749965557        13.8444671631
        0.0751652447        13.8937854767
        0.0753339337        13.6906223297
        0.0755026227        14.0708885193
        0.0756713117        14.4121398926
        0.0758400007        14.8501510620
        0.0760086897        14.8920688629
        0.0761773787        15.0099010468
        0.0763460677        14.9224300385
        0.0765147567        14.8655261993
        0.0766834457        14.6545448303
        0.0768521347        14.7003231049
        0.0770208237        14.4930095673
        0.0771895127        14.6903457642
        0.0773582017        14.7048053741
        0.0775268907        14.7574157715
        0.0776955797        14.8983154297
        0.0778642687        15.0403194427
        0.0780329577        14.8505439758
        0.0782016467        14.6572589874
        0.0783703357        14.7180824280
        0.0785390247        14.7588615417
        0.0787077137        14.9326915741
        0.0788764027        14.9943218231
        0.0790450917        15.1501560211
        0.0792137807        15.1608352661
        0.0793824697        15.2698802948
        0.0795511587        15.0758972168
        0.0797198477        15.1981372833
        0.0798885367        15.1978626251
        0.0800572257        15.1147003174
        0.0802259147        15.0390834808
        0.0803946037        14.9066867828
        0.0805632927        14.8473300934
        0.0807319817        14.9005413055
        0.0809006707        15.2613620758
        0.0810693597        15.4253940582
        0.0812380487        15.3825435638
        0.0814067377        15.1536579132
        0.0815754267        15.1943664551
        0.0817441157        15.3381118774
        0.0819128047        15.1942024231
        0.0820814936        14.9762668610
        0.0822501826        14.9201984406
        0.0824188716        15.1587200165
        0.0825875606        14.9687232971
        0.0827562496        14.8288841248
        0.0829249386        14.6660308838
        0.0830936276        14.7830600739
        0.0832623166        14.8988761902
        0.0834310056        15.0193290710
        0.0835996946        14.9222908020
        0.0837683836        14.6456050873
        0.0839370726        14.7084007263
        0.0841057616        14.7541198730
        0.0842744506        14.8913688660
        0.0844431396        14.8271732330
        0.0846118286        14.8105773926
        0.0847805176        14.7090549469
        0.0849492066        14.5990715027
        0.0851178956        14.7631320953
        0.0852865846        14.7224407196
        0.0854552736        14.3149547577
        0.0856239626        14.0423755646
        0.0857926516        13.9951915741
        0.0859613406        13.9233474731
        0.0861300296        13.8449573517
        0.0862987186        13.9654293060
        0.0864674076        14.2228965759
        0.0866360966        14.0377826691
        0.0868047856        13.7277793884
        0.0869734746        13.6462993622
        0.0871421636        13.6384086609
        0.0873108526        13.6219387054
        0.0874795416        13.6192760468
        0.0876482306        13.5957813263
        0.0878169196        13.5628204346
        0.0879856086        13.5994606018
        0.0881542976        13.6044082642
        0.0883229866        13.6004161835
        0.0884916756        13.5799751282
        0.0886603646        13.4032211304
        0.0888290536        13.2198276520
        0.0889977426        13.1695594788
        0.0891664316        13.1122207642
        0.0893351206        13.1772842407
        0.0895038096        13.1589145660
        0.0896724986        13.2628955841
        0.0898411876        13.0181026459
        0.0900098766        12.8905105591
        0.0901785656        12.5828189850
        0.0903472546        12.5465297699
        0.0905159436        12.4278507233
        0.0906846326        12.4706497192
        0.0908533216        12.4225673676
        0.0910220106        12.0072937012
        0.0911906996        11.7483539581
        0.0913593886        11.6741237640
        0.0915280776        11.8026275635
        0.0916967666        11.9115047455
        0.0918654556        11.7264366150
        0.0920341446        11.7190227509
        0.0922028336        11.5481796265
        0.0923715226        11.2836017609
        0.0925402116        11.2337703705
        0.0927089006        11.4340419769
        0.0928775896        11.3801765442
        0.0930462786        11.1581516266
        0.0932149676        11.0209579468
        0.0933836566        10.8430519104
        0.0935523456        10.7552661896
        0.0937210346        10.5739269257
        0.0938897236        10.7137145996
        0.0940584126        10.7355937958
        0.0942271016        10.8292407990
        0.0943957906        10.8873691559
        0.0945644796        10.8403301239
        0.0947331685        10.6489162445
        0.0949018575        10.3073387146
        0.0950705465        10.1295757294
        0.0952392355         9.9411525726
        0.0954079245         9.9473514557
        0.0955766135         9.6723461151
        0.0957453025         9.7268257141
        0.0959139915         9.6585369110
        0.0960826805         9.6049156189
        0.0962513695         9.4985332489
        0.0964200585         9.2849025726
        0.0965887475         9.1010303497
        0.0967574365         9.1486797333
        0.0969261255         9.3823757172
        0.0970948145         9.2531871796
        0.0972635035         9.1162948608
        0.0974321925         8.9883842468
        0.0976008815         9.0408630371
        0.0977695705         8.9139633179
        0.0979382595         8.9027881622
        0.0981069485         8.8248977661
        0.0982756375         8.8088741302
        0.0984443265         8.5219612122
        0.0986130155         8.3760013580
        0.0987817045         8.0847148895
        0.0989503935         8.0436363220
        0.0991190825         8.0734462738
        0.0992877715         8.0002994537
        0.0994564605         8.0626907349
        0.0996251495         8.1069087982
        0.0997938385         8.0265464783
        0.0999625275         7.7980918884
        0.1001312165         7.6485137939
        0.1002999055         7.7003288269
        0.1004685945         7.8772220612
        0.1006372835         7.6676311493
        0.1008059725         7.4411048889
        0.1009746615         7.3439006805
        0.1011433505         7.2567234039
        0.1013120395         7.0537834167
        0.1014807285         7.0060596466
        0.1016494175         7.0262584686
        0.1018181065         7.0960655212
        0.1019867955         6.9475059509
        0.1021554845         7.0374832153
        0.1023241735         7.1256580353
        0.1024928625         7.1174678802
        0.1026615515         6.9563045502
        0.1028302405         6.9699859619
        0.1029989295         6.9008140564
        0.1031676185         6.7214469910
        0.1033363075         6.6159973145
        0.1035049965         6.5160579681
        0.1036736855         6.4912681580
        0.1038423745         6.5691833496
        0.1040110635         6.6207866669
        0.1041797525         6.7072219849
        0.1043484415         6.4374332428
        0.1045171305         6.4381465912
        0.1046858195         6.2653598785
        0.1048545085         6.1861171722
        0.1050231975         5.9191341400
        0.1051918865         5.8879451752
        0.1053605755         5.7880859375
        0.1055292645         5.6889247894
        0.1056979535         5.8803710938
        0.1058666425         6.0175743103
        0.1060353315         5.8553009033
        0.1062040205         5.7876243591
        0.1063727095         5.9347438812
        0.1065413985         5.9603004456
        0.1067100875         5.6995372772
        0.1068787765         5.5926265717
        0.1070474655         5.6073741913
        0.1072161544         5.6240215302
        0.1073848434         5.6387119293
        0.1075535324         5.6283817291
        0.1077222214         5.6388168335
        0.1078909104         5.5235900879
        0.1080595994         5.4798641205
        0.1082282884         5.4109153748
        0.1083969774         5.3816833496
        0.1085656664         5.2534484863
        0.1087343554         5.1873855591
        0.1089030444         5.2555656433
        0.1090717334         5.3542881012
        0.1092404224         5.2855930328
        0.1094091114         5.1578388214
        0.1095778004         5.2061290741
        0.1097464894         5.2190704346
        0.1099151784         5.2689304352
        0.1100838674         5.2503166199
        0.1102525564         5.2057666779
        0.1104212454         5.1502704620
        0.1105899344         5.3189105988
        0.1107586234         5.3385295868
        0.1109273124         5.3191432953
        0.1110960014         5.0642871857
        0.1112646904         4.9112796783
        0.1114333794         4.8857555389
        0.1116020684         5.0218563080
        0.1117707574         5.1117553711
        0.1119394464         5.1482715607
        0.1121081354         5.0510482788
        0.1122768244         5.0287246704
        0.1124455134         4.9768848419
        0.1126142024         4.8688220978
        0.1127828914         4.8017082214
        0.1129515804         4.7897090912
        0.1131202694         4.8004283905
        0.1132889584         4.8429813385
        0.1134576474         4.9154758453
        0.1136263364         4.9820766449
        0.1137950254         5.0159187317
        0.1139637144         4.8669338226
        0.1141324034         4.8543319702
        0.1143010924         4.9519977570
        0.1144697814         5.0087852478
        0.1146384704         5.0231571198
        0.1148071594         4.7483692169
        0.1149758484         4.9244384766
        0.1151445374         5.2670612335
        0.1153132264         5.2601013184
        0.1154819154         5.0562801361
        0.1156506044         4.7816162109
        0.1158192934         4.7841339111
        0.1159879824         4.7902832031
        0.1161566714         4.9354686737
        0.1163253604         5.1198444366
        0.1164940494         5.0994853973
        0.1166627384         5.1020164490
        0.1168314274         5.0836238861
        0.1170001164         4.9748878479
        0.1171688054         4.8850307465
        0.1173374944         4.7906112671
        0.1175061834         4.7341594696
        0.1176748724         4.7556972504
        0.1178435614         5.0703945160
        0.1180122504         5.1390266418
        0.1181809394         5.0274467468
        0.1183496284         4.9315967560
        0.1185183174         4.9515361786
        0.1186870064         4.9758949280
        0.1188556954         4.9340038300
        0.1190243844         4.8022842407
        0.1191930734         4.6811847687
        0.1193617624         4.8180236816
        0.1195304514         5.0277538300
        0.1196991403         5.2105159760
        0.1198678293         5.0991668701
        0.1200365183         4.9885749817
        0.1202052073         4.8882312775
        0.1203738963         4.9871578217
        0.1205425853         4.9386844635
        0.1207112743         4.7615947723
        0.1208799633         4.6168060303
        0.1210486523         4.7714271545
        0.1212173413         4.9682064056
        0.1213860303         5.1863975525
        0.1215547193         5.1595344543
        0.1217234083         5.1107482910
        0.1218920973         5.0430183411
        0.1220607863         5.0032806396
        0.1222294753         5.0061855316
        0.1223981643         5.1693878174
        0.1225668533         5.1358070374
        0.1227355423         5.1244010925
        0.1229042313         5.0135784149
        0.1230729203         5.0275306702
        0.1232416093         4.9058837891
        0.1234102983         4.8979854584
        0.1235789873         4.7921791077
        0.1237476763         4.9522209167
        0.1239163653         4.9983425140
        0.1240850543         5.0596828461
        0.1242537433         4.8724327087
        0.1244224323         4.8075523376
        0.1245911213         4.7095680237
        0.1247598103         4.6793575287
        0.1249284993         4.8148822784
        0.1250971883         5.0643463135
        0.1252658773         5.0021781921
        0.1254345663         4.9173450470
        0.1256032553         5.0382099152
        0.1257719443         4.9162368774
        0.1259406333         4.8440608978
        0.1261093223         4.7244338989
        0.1262780113         4.8917179108
        0.1264467003         5.0133380890
        0.1266153893         5.1385364532
        0.1267840783         5.1112613678
        0.1269527673         4.9781799316
        0.1271214563         4.8698863983
        0.1272901453         4.8677635193
        0.1274588343         4.9194412231
        0.1276275233         4.9382247925
        0.1277962123         4.9444656372
        0.1279649013         4.9753303528
        0.1281335903         4.8822441101
        0.1283022793         4.9179286957
        0.1284709683         5.1225757599
        0.1286396573         5.1844387054
        0.1288083463         5.1819744110
        0.1289770353         5.1259803772
        0.1291457243         4.9527511597
        0.1293144133         4.7372474670
        0.1294831023         4.7184848785
        0.1296517913         4.9202346802
        0.1298204803         4.9998340607
        0.1299891693         4.8952598572
        0.1301578583         4.7700176239
        0.1303265473         5.0017986298
        0.1304952363         5.1932411194
        0.1306639253         5.0977191925
        0.1308326143         4.9156742096
        0.1310013033         4.9128952026
        0.1311699923         4.8975887299
        0.1313386813         4.8314552307
        0.1315073703         4.7051563263
        0.1316760593         4.7796745300
        0.1318447483         4.8673629761
        0.1320134373         4.9853782654
        0.1321821262         5.0189266205
        0.1323508152         5.0436439514
        0.1325195042         4.8479347229
        0.1326881932         4.6893653870
        0.1328568822         4.7805099487
        0.1330255712         4.8297691345
        0.1331942602         4.7601852417
        0.1333629492         4.7392215729
        0.1335316382         4.7065258026
        0.1337003272         4.6593647003
        0.1338690162         4.6883754730
        0.1340377052         4.6963386536
        0.1342063942         4.6801834106
        0.1343750832         4.7805137634
        0.1345437722         4.7690258026
        0.1347124612         4.7233982086
        0.1348811502         4.6137962341
        0.1350498392         4.6404533386
        0.1352185282         4.6487731934
        0.1353872172         4.7760181427
        0.1355559062         4.6826152802
        0.1357245952         4.6505470276
        0.1358932842         4.6974658966
        0.1360619732         4.6605434418
        0.1362306622         4.5560379028
        0.1363993512         4.4895191193
        0.1365680402         4.5409545898
        0.1367367292         4.6178607941
        0.1369054182         4.6426925659
        0.1370741072         4.6933288574
        0.1372427962         4.5843658447
        0.1374114852         4.5644016266
        0.1375801742         4.6729946136
        0.1377488632         4.7528896332
        0.1379175522         4.8356475830
        0.1380862412         4.7104396820
        0.1382549302         4.6040134430
        0.1384236192         4.5161666870
        0.1385923082         4.4358692169
        0.1387609972         4.3385734558
        0.1389296862         4.4051189423
        0.1390983752         4.5599365234
        0.1392670642         4.6780319214
        0.1394357532         4.6928634644
        0.1396044422         4.6465797424
        0.1397731312         4.5581779480
        0.1399418202         4.4905471802
        0.1401105092         4.4349098206
        0.1402791982         4.4381923676
        0.1404478872         4.4396152496
        0.1406165762         4.4072246552
        0.1407852652         4.3487167358
        0.1409539542         4.3274726868
        0.1411226432         4.3983497620
        0.1412913322         4.4354228973
        0.1414600212         4.3713016510
        0.1416287102         4.3801479340
        0.1417973992         4.4487876892
        0.1419660882         4.3592853546
        0.1421347772         4.2538223267
        0.1423034662         4.3132019043
        0.1424721552         4.5288181305
        0.1426408442         4.6090660095
        0.1428095332         4.4324836731
        0.1429782222         4.1762676239
        0.1431469112         4.0461540222
        0.1433156002         4.1308917999
        0.1434842892         4.3197536469
        0.1436529782         4.4061851501
        0.1438216672         4.4637603760
        0.1439903562         4.3348579407
        0.1441590452         4.3367729187
        0.1443277342         4.2696781158
        0.1444964232         4.1810340881
        0.1446651121         4.1299076080
        0.1448338011         4.1385593414
        0.1450024901         4.2484531403
        0.1451711791         4.2185325623
        0.1453398681         4.1879806519
        0.1455085571         4.2792739868
        0.1456772461         4.2581863403
        0.1458459351         4.1421928406
        0.1460146241         4.0688934326
        0.1461833131         4.0714855194
        0.1463520021         4.1425991058
        0.1465206911         4.2044963837
        0.1466893801         4.2850685120
        0.1468580691         4.2661476135
        0.1470267581         4.1085262299
        0.1471954471         3.9572334290
        0.1473641361         3.9826698303
        0.1475328251         4.0090637207
        0.1477015141         4.0467624664
        0.1478702031         3.9331741333
        0.1480388921         3.9392166138
        0.1482075811         3.9014034271
        0.1483762701         4.0052547455
        0.1485449591         4.0882434845
        0.1487136481         4.1308650970
        0.1488823371         3.9012565613
        0.1490510261         3.7770881653
        0.1492197151         3.8332710266
        0.1493884041         3.9829902649
        0.1495570931         4.0331153870
        0.1497257821         3.9571170807
        0.1498944711         3.8267040253
        0.1500631601         3.9065761566
        0.1502318491         3.9776401520
        0.1504005381         3.8677978516
        0.1505692271         3.7020301819
        0.1507379161         3.6196346283
        0.1509066051         3.7833175659
        0.1510752941         3.8643474579
        0.1512439831         3.8927593231
        0.1514126721         3.9280529022
        0.1515813611         3.9497146606
        0.1517500501         3.9290637970
        0.1519187391         3.9622077942
        0.1520874281         3.8915042877
        0.1522561171         3.8270912170
        0.1524248061         3.6790599823
        0.1525934951         3.7904472351
        0.1527621841         3.9137077332
        0.1529308731         3.7716846466
        0.1530995621         3.7593116760
        0.1532682511         3.6543216705
        0.1534369401         3.6535072327
        0.1536056291         3.6220607758
        0.1537743181         3.6691341400
        0.1539430071         3.6247215271
        0.1541116961         3.5873298645
        0.1542803851         3.6374588013
        0.1544490741         3.6301250458
        0.1546177631         3.7219848633
        0.1547864521         3.7045402527
        0.1549551411         3.8168449402
        0.1551238301         3.8626575470
        0.1552925191         3.8897705078
        0.1554612081         3.8376941681
        0.1556298971         3.7809104919
        0.1557985861         3.8424873352
        0.1559672751         3.7735042572
        0.1561359641         3.6201171875
        0.1563046531         3.5624542236
        0.1564733421         3.6313457489
        0.1566420311         3.6907691956
        0.1568107201         3.7271366119
        0.1569794091         3.6558742523
        0.1571480981         3.5829715729
        0.1573167870         3.6621475220
        0.1574854760         3.8207817078
        0.1576541650         3.8985347748
        0.1578228540         3.7920055389
        0.1579915430         3.5818557739
        0.1581602320         3.5026416779
        0.1583289210         3.5552158356
        0.1584976100         3.6560287476
        0.1586662990         3.7191905975
        0.1588349880         3.7920989990
        0.1590036770         3.8397445679
        0.1591723660         3.7801628113
        0.1593410550         3.7664012909
        0.1595097440         3.7185840607
        0.1596784330         3.7014961243
        0.1598471220         3.5009574890
        0.1600158110         3.5360183716
        0.1601845000         3.6072463989
        0.1603531890         3.7973079681
        0.1605218780         3.7871112823
        0.1606905670         3.7612133026
        0.1608592560         3.6204051971
        0.1610279450         3.5919647217
        0.1611966340         3.7213916779
        0.1613653230         3.7081127167
        0.1615340120         3.5975093842
        0.1617027010         3.5442981720
        0.1618713900         3.7139530182
        0.1620400790         3.6913452148
        0.1622087680         3.4902210236
        0.1623774570         3.4206790924
        0.1625461460         3.5149898529
        0.1627148350         3.5591411591
        0.1628835240         3.5053882599
        0.1630522130         3.4291763306
        0.1632209020         3.3248825073
        0.1633895910         3.3176994324
        0.1635582800         3.4762783051
        0.1637269690         3.6923236847
        0.1638956580         3.6403541565
        0.1640643470         3.4692115784
        0.1642330360         3.5283203125
        0.1644017250         3.6912708282
        0.1645704140         3.7952518463
        0.1647391030         3.7507228851
        0.1649077920         3.7453708649
        0.1650764810         3.6414947510
        0.1652451700         3.6703262329
        0.1654138590         3.6803398132
        0.1655825480         3.5266475677
        0.1657512370         3.4489727020
        0.1659199260         3.5500335693
        0.1660886150         3.6562938690
        0.1662573040         3.5161514282
        0.1664259930         3.3887672424
        0.1665946820         3.4157257080
        0.1667633710         3.5497169495
        0.1669320600         3.5933036804
        0.1671007490         3.6987476349
        0.1672694380         3.7433853149
        0.1674381270         3.7612495422
        0.1676068160         3.6772861481
        0.1677755050         3.4803218842
        0.1679441940         3.4902286530
        0.1681128830         3.5973587036
        0.1682815720         3.5857143402
        0.1684502610         3.5922718048
        0.1686189500         3.6367702484
        0.1687876390         3.7206039429
        0.1689563280         3.6004295349
        0.1691250170         3.5207405090
        0.1692937060         3.5445480347
        0.1694623950         3.5754413605
        0.1696310840         3.5847778320
        0.1697997729         3.5616340637
        0.1699684619         3.4934864044
        0.1701371509         3.5212497711
        0.1703058399         3.4219284058
        0.1704745289         3.5261554718
        0.1706432179         3.4334964752
        0.1708119069         3.4795913696
        0.1709805959         3.3609333038
        0.1711492849         3.4780673981
        0.1713179739         3.5608272552
        0.1714866629         3.6752548218
        0.1716553519         3.6776103973
        0.1718240409         3.6444091797
        0.1719927299         3.6430721283
        0.1721614189         3.6769485474
        0.1723301079         3.6023960114
        0.1724987969         3.5732727051
        0.1726674859         3.6908817291
        0.1728361749         3.8249721527
        0.1730048639         3.9257621765
        0.1731735529         3.8282852173
        0.1733422419         3.5866565704
        0.1735109309         3.5248050690
        0.1736796199         3.4147014618
        0.1738483089         3.3529491425
        0.1740169979         3.3351593018
        0.1741856869         3.5367031097
        0.1743543759         3.5924263000
        0.1745230649         3.5892047882
        0.1746917539         3.4829864502
        0.1748604429         3.4827575684
        0.1750291319         3.5075073242
        0.1751978209         3.4796371460
        0.1753665099         3.4680366516
        0.1755351989         3.5146503448
        0.1757038879         3.5918693542
        0.1758725769         3.7232189178
        0.1760412659         3.6934566498
        0.1762099549         3.4532566071
        0.1763786439         3.3316059113
        0.1765473329         3.3160991669
        0.1767160219         3.5383205414
        0.1768847109         3.7548809052
        0.1770533999         3.6773834229
        0.1772220889         3.6695003510
        0.1773907779         3.5785331726
        0.1775594669         3.5858669281
        0.1777281559         3.6604347229
        0.1778968449         3.6747570038
        0.1780655339         3.7603950500
        0.1782342229         3.6405544281
        0.1784029119         3.6488380432
        0.1785716009         3.5231227875
        0.1787402899         3.5230693817
        0.1789089789         3.5722866058
        0.1790776679         3.5750427246
        0.1792463569         3.6614913940
        0.1794150459         3.6239223480
        0.1795837349         3.5628719330
        0.1797524239         3.4867820740
        0.1799211129         3.4956283569
