        0.0230403441       346.3550529480
        0.0232090331       341.5124740601
        0.0233777221       336.9761314392
        0.0235464111       332.9028816223
        0.0237151001       328.1585540771
        0.0238837891       323.6875152588
        0.0240524781       319.5874786377
        0.0242211671       315.9227256775
        0.0243898561       311.1875801086
        0.0245585451       306.6308670044
        0.0247272341       301.9251022339
        0.0248959231       297.8331489563
        0.0250646121       293.6803894043
        0.0252333011       288.8979568481
        0.0254019901       282.8968429565
        0.0255706791       278.5824546814
        0.0257393681       275.2280044556
        0.0259080571       272.2808876038
        0.0260767461       268.2805976868
        0.0262454351       263.6909523010
        0.0264141241       257.8265800476
        0.0265828131       253.6652870178
        0.0267515021       250.3335723877
        0.0269201911       246.3123016357
        0.0270888801       242.8891601562
        0.0272575691       239.7764701843
        0.0274262581       235.6470870972
        0.0275949471       231.7417182922
        0.0277636361       228.0751914978
        0.0279323251       224.3766212463
        0.0281010141       220.1988258362
        0.0282697031       215.7664642334
        0.0284383921       212.7982025146
        0.0286070811       210.3135108948
        0.0287757701       207.9141464233
        0.0289444591       205.2652893066
        0.0291131481       202.0729675293
        0.0292818371       198.6643142700
        0.0294505261       194.5784988403
        0.0296192151       189.5573120117
        0.0297879041       186.1963768005
        0.0299565931       183.6146736145
        0.0301252821       180.8517379761
        0.0302939711       178.3561401367
        0.0304626601       175.4867057800
        0.0306313491       172.5120773315
        0.0308000381       169.4420928955
        0.0309687271       166.0302810669
        0.0311374161       163.5778312683
        0.0313061051       161.2994155884
        0.0314747941       158.7347488403
        0.0316434831       155.8790473938
        0.0318121721       152.9055557251
        0.0319808611       150.3785247803
        0.0321495500       147.5523071289
        0.0323182390       144.1405792236
        0.0324869280       141.0584182739
        0.0326556170       138.9584007263
        0.0328243060       136.6375427246
        0.0329929950       134.4736747742
        0.0331616840       132.1811332703
        0.0333303730       129.5958747864
        0.0334990620       127.2058982849
        0.0336677510       125.2362632751
        0.0338364400       123.3344078064
        0.0340051290       121.1521110535
        0.0341738180       118.5279502869
        0.0343425070       115.6870002747
        0.0345111960       112.8716659546
        0.0346798850       110.6341514587
        0.0348485740       108.0236740112
        0.0350172630       106.7001113892
        0.0351859520       104.9598960876
        0.0353546410       102.4824943542
        0.0355233300        99.9762229919
        0.0356920190        98.2160682678
        0.0358607080        96.4737854004
        0.0360293970        94.7502746582
        0.0361980860        92.9671745300
        0.0363667750        90.7512092590
        0.0365354640        88.3246269226
        0.0367041530        86.7772369385
        0.0368728420        85.4035758972
        0.0370415310        83.5029029846
        0.0372102200        81.9092636108
        0.0373789090        80.0623512268
        0.0375475980        78.4036369324
        0.0377162870        77.0208129883
        0.0378849760        75.2356338501
        0.0380536650        73.5331420898
        0.0382223540        71.8769912720
        0.0383910430        70.4198493958
        0.0385597320        68.9916496277
        0.0387284210        68.0445861816
        0.0388971100        66.7149848938
        0.0390657990        65.1045951843
        0.0392344880        63.0898818970
        0.0394031770        61.4982948303
        0.0395718660        59.7273750305
        0.0397405550        58.5435600281
        0.0399092440        57.5914077759
        0.0400779330        56.4237899780
        0.0402466220        55.1207466125
        0.0404153110        53.7476654053
        0.0405840000        52.7390823364
        0.0407526890        51.7467651367
        0.0409213780        50.6627769470
        0.0410900670        49.4958763123
        0.0412587560        48.1985282898
        0.0414274450        47.2492752075
        0.0415961340        46.3085441589
        0.0417648230        45.2700462341
        0.0419335120        44.2478179932
        0.0421022010        43.1036567688
        0.0422708900        42.1637725830
        0.0424395790        41.2524948120
        0.0426082680        40.4164581299
        0.0427769570        39.9358253479
        0.0429456460        39.0836563110
        0.0431143350        38.2992019653
        0.0432830240        37.2136268616
        0.0434517130        36.3074913025
        0.0436204020        35.2627868652
        0.0437890910        34.3605957031
        0.0439577800        33.6476516724
        0.0441264690        33.0257453918
        0.0442951580        32.0737266541
        0.0444638470        31.2739334106
        0.0446325359        30.9257736206
        0.0448012249        30.4566802979
        0.0449699139        29.7323799133
        0.0451386029        28.6912689209
        0.0453072919        27.9177207947
        0.0454759809        27.2948074341
        0.0456446699        27.2963104248
        0.0458133589        27.0642280579
        0.0459820479        26.6244544983
        0.0461507369        26.1214256287
        0.0463194259        25.4567832947
        0.0464881149        24.6874275208
        0.0466568039        24.0311088562
        0.0468254929        23.0383987427
        0.0469941819        22.1718711853
        0.0471628709        21.4118919373
        0.0473315599        21.1982765198
        0.0475002489        21.0795478821
        0.0476689379        21.0117301941
        0.0478376269        20.7173233032
        0.0480063159        20.5418586731
        0.0481750049        19.9413223267
        0.0483436939        19.5973091125
        0.0485123829        19.1005744934
        0.0486810719        18.5831031799
        0.0488497609        18.1672859192
        0.0490184499        17.8953170776
        0.0491871389        17.7488059998
        0.0493558279        17.4906845093
        0.0495245169        17.2840309143
        0.0496932059        17.0669288635
        0.0498618949        16.6475486755
        0.0500305839        16.3730316162
        0.0501992729        16.1323623657
        0.0503679619        15.9635162354
        0.0505366509        15.4609184265
        0.0507053399        15.1389312744
        0.0508740289        14.9666519165
        0.0510427179        14.8851623535
        0.0512114069        14.7836837769
        0.0513800959        14.5791816711
        0.0515487849        14.5896759033
        0.0517174739        14.2377624512
        0.0518861629        13.8959770203
        0.0520548519        13.5937232971
        0.0522235409        13.6162452698
        0.0523922299        13.5346794128
        0.0525609189        13.0308952332
        0.0527296079        12.4237136841
        0.0528982969        12.1274070740
        0.0530669859        12.2781791687
        0.0532356749        12.0740737915
        0.0534043639        12.0578269958
        0.0535730529        12.1039886475
        0.0537417419        12.1370544434
        0.0539104309        11.8551673889
        0.0540791199        11.6040039062
        0.0542478089        11.5238723755
        0.0544164979        11.2865486145
        0.0545851869        11.1719970703
        0.0547538759        11.0220108032
        0.0549225649        10.8967895508
        0.0550912539        10.8762054443
        0.0552599429        10.9184226990
        0.0554286319        11.2462844849
        0.0555973209        11.2333908081
        0.0557660099        10.7707481384
        0.0559346989        10.4164466858
        0.0561033879        10.4096603394
        0.0562720769        10.3359260559
        0.0564407659        10.2693786621
        0.0566094549        10.0906028748
        0.0567781439         9.7304611206
        0.0569468329         9.7880172729
        0.0571155218         9.9742431641
        0.0572842108         9.9042015076
        0.0574528998         9.7722740173
        0.0576215888         9.7567214966
        0.0577902778         9.5650291443
        0.0579589668         9.4207229614
        0.0581276558         9.4903030396
        0.0582963448         9.5488815308
        0.0584650338         9.6310424805
        0.0586337228         9.4682922363
        0.0588024118         9.3733367920
        0.0589711008         9.3825416565
        0.0591397898         9.4528656006
        0.0593084788         9.5799407959
        0.0594771678         9.3704833984
        0.0596458568         9.3792304993
        0.0598145458         9.1601791382
        0.0599832348         8.9082374573
        0.0601519238         8.9263877869
        0.0603206128         9.0110015869
        0.0604893018         8.7399177551
        0.0606579908         8.4384346008
        0.0608266798         8.4610710144
        0.0609953688         8.8214988708
        0.0611640578         8.8612937927
        0.0613327468         8.6561241150
        0.0615014358         8.7169113159
        0.0616701248         8.6635818481
        0.0618388138         8.5356407166
        0.0620075028         8.5828857422
        0.0621761918         8.5676383972
        0.0623448808         8.4491310120
        0.0625135698         8.2716140747
        0.0626822588         8.2884330750
        0.0628509478         8.0179405212
        0.0630196368         8.0870857239
        0.0631883258         8.1131820679
        0.0633570148         8.2748260498
        0.0635257038         8.4322223663
        0.0636943928         8.5555381775
        0.0638630818         8.5319118500
        0.0640317708         8.5884628296
        0.0642004598         8.2541198730
        0.0643691488         7.8135185242
        0.0645378378         7.7526245117
        0.0647065268         7.8822288513
        0.0648752158         7.7402420044
        0.0650439048         7.6661949158
        0.0652125938         7.4902763367
        0.0653812828         7.5078659058
        0.0655499718         7.5072326660
        0.0657186608         7.5774574280
        0.0658873498         7.6827735901
        0.0660560388         7.8277282715
        0.0662247278         7.8395862579
        0.0663934168         7.9154129028
        0.0665621058         8.0671672821
        0.0667307948         8.1547546387
        0.0668994838         7.9175720215
        0.0670681728         7.6221103668
        0.0672368618         7.5549030304
        0.0674055508         7.5085411072
        0.0675742398         7.2672176361
        0.0677429288         7.1971244812
        0.0679116178         7.4873466492
        0.0680803068         7.5973854065
        0.0682489958         7.4269409180
        0.0684176848         7.2466030121
        0.0685863738         7.2089939117
        0.0687550628         7.1909770966
        0.0689237518         7.2834110260
        0.0690924408         7.1803569794
        0.0692611298         7.0479068756
        0.0694298188         7.0418968201
        0.0695985077         6.8268508911
        0.0697671967         6.7236003876
        0.0699358857         6.7605609894
        0.0701045747         7.1306571960
        0.0702732637         7.0361404419
        0.0704419527         7.0702075958
        0.0706106417         7.1100101471
        0.0707793307         7.0497436523
        0.0709480197         6.9679584503
        0.0711167087         6.8857460022
        0.0712853977         6.8955593109
        0.0714540867         6.7672386169
        0.0716227757         6.7686977386
        0.0717914647         6.6450958252
        0.0719601537         6.4200286865
        0.0721288427         6.4426231384
        0.0722975317         6.6002159119
        0.0724662207         6.7375869751
        0.0726349097         6.7752666473
        0.0728035987         6.9008274078
        0.0729722877         6.7400627136
        0.0731409767         6.5891666412
        0.0733096657         6.3298263550
        0.0734783547         6.3800373077
        0.0736470437         6.4077682495
        0.0738157327         6.6514205933
        0.0739844217         6.3733024597
        0.0741531107         5.9308032990
        0.0743217997         5.8228054047
        0.0744904887         6.1032695770
        0.0746591777         6.4573631287
        0.0748278667         6.6353664398
        0.0749965557         6.5023422241
        0.0751652447         6.4130039215
        0.0753339337         6.3067951202
        0.0755026227         6.4038429260
        0.0756713117         6.4596138000
        0.0758400007         6.4188003540
        0.0760086897         6.3543376923
        0.0761773787         6.3304309845
        0.0763460677         6.1783924103
        0.0765147567         5.9993610382
        0.0766834457         5.8796844482
        0.0768521347         5.8047199249
        0.0770208237         5.6298923492
        0.0771895127         5.7364463806
        0.0773582017         5.8501415253
        0.0775268907         5.9204406738
        0.0776955797         5.9311599731
        0.0778642687         6.0115871429
        0.0780329577         6.0385055542
        0.0782016467         5.9858303070
        0.0783703357         5.9535522461
        0.0785390247         5.8099136353
        0.0787077137         5.7764339447
        0.0788764027         5.8461017609
        0.0790450917         5.8455295563
        0.0792137807         5.7680168152
        0.0793824697         5.6258602142
        0.0795511587         5.4788551331
        0.0797198477         5.8109645844
        0.0798885367         5.8030071259
        0.0800572257         5.4648132324
        0.0802259147         5.3730297089
        0.0803946037         5.4925022125
        0.0805632927         5.5489559174
        0.0807319817         5.3426990509
        0.0809006707         5.3914546967
        0.0810693597         5.6523113251
        0.0812380487         5.6610050201
        0.0814067377         5.3411312103
        0.0815754267         5.2218894958
        0.0817441157         5.3298988342
        0.0819128047         5.3646163940
        0.0820814936         5.3504695892
        0.0822501826         5.3653964996
        0.0824188716         5.4237117767
        0.0825875606         5.3909416199
        0.0827562496         5.2016334534
        0.0829249386         5.1402664185
        0.0830936276         5.2230205536
        0.0832623166         5.1190910339
        0.0834310056         4.9561538696
        0.0835996946         4.8014144897
        0.0837683836         4.7550945282
        0.0839370726         4.8401756287
        0.0841057616         5.0257949829
        0.0842744506         5.1337127686
        0.0844431396         5.1697254181
        0.0846118286         4.9754905701
        0.0847805176         4.9888248444
        0.0849492066         5.0858459473
        0.0851178956         5.3305568695
        0.0852865846         5.2690563202
        0.0854552736         5.0537509918
        0.0856239626         4.7705402374
        0.0857926516         4.4950160980
        0.0859613406         4.4541244507
        0.0861300296         4.5782871246
        0.0862987186         4.7618427277
        0.0864674076         4.7756080627
        0.0866360966         4.7338771820
        0.0868047856         4.5891876221
        0.0869734746         4.5245685577
        0.0871421636         4.4879913330
        0.0873108526         4.6396808624
        0.0874795416         4.8570957184
        0.0876482306         4.8938426971
        0.0878169196         4.7061080933
        0.0879856086         4.6661415100
        0.0881542976         4.5966300964
        0.0883229866         4.6650180817
        0.0884916756         4.8327255249
        0.0886603646         4.9295578003
        0.0888290536         4.7807445526
        0.0889977426         4.6184349060
        0.0891664316         4.6036071777
        0.0893351206         4.6440963745
        0.0895038096         4.5539340973
        0.0896724986         4.5605945587
        0.0898411876         4.5786228180
        0.0900098766         4.5589141846
        0.0901785656         4.4156284332
        0.0903472546         4.5654277802
        0.0905159436         4.7120723724
        0.0906846326         4.7399177551
        0.0908533216         4.6843700409
        0.0910220106         4.4809265137
        0.0911906996         4.3897571564
        0.0913593886         4.2103519440
        0.0915280776         4.4135704041
        0.0916967666         4.5480518341
        0.0918654556         4.5228157043
        0.0920341446         4.4317035675
        0.0922028336         4.7017097473
        0.0923715226         4.7555141449
        0.0925402116         4.5224895477
        0.0927089006         4.4314289093
        0.0928775896         4.2345733643
        0.0930462786         4.3171138763
        0.0932149676         4.1866149902
        0.0933836566         3.9608993530
        0.0935523456         4.0295505524
        0.0937210346         4.0532398224
        0.0938897236         4.3671913147
        0.0940584126         4.3661060333
        0.0942271016         4.3346309662
        0.0943957906         4.3559093475
        0.0945644796         4.1986980438
        0.0947331685         4.2158832550
        0.0949018575         4.1674728394
        0.0950705465         4.2818927765
        0.0952392355         4.0592021942
        0.0954079245         4.0594539642
        0.0955766135         4.1538982391
        0.0957453025         4.3492927551
        0.0959139915         4.4328060150
        0.0960826805         4.4900741577
        0.0962513695         4.3619899750
        0.0964200585         4.1405277252
        0.0965887475         4.1052227020
        0.0967574365         4.0427684784
        0.0969261255         4.2551670074
        0.0970948145         4.2917728424
        0.0972635035         4.2873764038
        0.0974321925         4.2591476440
        0.0976008815         4.2996253967
        0.0977695705         4.1665077209
        0.0979382595         4.1367397308
        0.0981069485         4.1952743530
        0.0982756375         4.4270038605
        0.0984443265         4.3629722595
        0.0986130155         4.3114528656
        0.0987817045         4.3623676300
        0.0989503935         4.2895889282
        0.0991190825         4.2283573151
        0.0992877715         4.2496509552
        0.0994564605         4.3348312378
        0.0996251495         4.0687084198
        0.0997938385         3.8479347229
        0.0999625275         3.8623161316
        0.1001312165         3.9349098206
        0.1002999055         3.9858703613
        0.1004685945         4.0758686066
        0.1006372835         4.0887317657
        0.1008059725         4.0984764099
        0.1009746615         4.0262050629
        0.1011433505         4.0425853729
        0.1013120395         3.8508682251
        0.1014807285         3.7732219696
        0.1016494175         3.7930927277
        0.1018181065         4.0130119324
        0.1019867955         4.0251235962
        0.1021554845         4.1055221558
        0.1023241735         4.0829067230
        0.1024928625         4.1187267303
        0.1026615515         4.0526027679
        0.1028302405         4.1372985840
        0.1029989295         4.0616302490
        0.1031676185         3.8691329956
        0.1033363075         3.8820037842
        0.1035049965         4.0359172821
        0.1036736855         4.1172676086
        0.1038423745         4.1375617981
        0.1040110635         4.2081127167
        0.1041797525         4.2203559875
        0.1043484415         4.0515308380
        0.1045171305         3.9639110565
        0.1046858195         3.9303340912
        0.1048545085         3.8742313385
        0.1050231975         3.8303546906
        0.1051918865         3.7630786896
        0.1053605755         3.7009162903
        0.1055292645         3.7352123260
        0.1056979535         4.0407028198
        0.1058666425         4.0762481689
        0.1060353315         3.8947753906
        0.1062040205         3.7236442566
        0.1063727095         3.7421531677
        0.1065413985         3.8788433075
        0.1067100875         3.8316268921
        0.1068787765         3.7880287170
        0.1070474655         3.6705780029
        0.1072161544         3.7045555115
        0.1073848434         3.8482589722
        0.1075535324         3.9445171356
        0.1077222214         4.0237426758
        0.1078909104         3.9196987152
        0.1080595994         3.8668956757
        0.1082282884         3.7807807922
        0.1083969774         3.8796882629
        0.1085656664         3.9154472351
        0.1087343554         3.6644096375
        0.1089030444         3.5263080597
        0.1090717334         3.6359825134
        0.1092404224         3.7328891754
        0.1094091114         3.7163295746
        0.1095778004         3.8414459229
        0.1097464894         3.7651405334
        0.1099151784         3.6935615540
        0.1100838674         3.5918903351
        0.1102525564         3.6686630249
        0.1104212454         3.7566165924
        0.1105899344         3.8514633179
        0.1107586234         3.8385086060
        0.1109273124         3.7337799072
        0.1110960014         3.6240634918
        0.1112646904         3.5405750275
        0.1114333794         3.4889774323
        0.1116020684         3.4370136261
        0.1117707574         3.7277774811
        0.1119394464         3.9095172882
        0.1121081354         3.7624530792
        0.1122768244         3.5781345367
        0.1124455134         3.4647789001
        0.1126142024         3.4873123169
        0.1127828914         3.6089630127
        0.1129515804         3.7744483948
        0.1131202694         3.8854312897
        0.1132889584         3.8288803101
        0.1134576474         3.8648242950
        0.1136263364         3.8947792053
        0.1137950254         3.9546298981
        0.1139637144         3.8518428802
        0.1141324034         3.7271175385
        0.1143010924         3.6168727875
        0.1144697814         3.6630306244
        0.1146384704         3.6223545074
        0.1148071594         3.4809131622
        0.1149758484         3.6448860168
        0.1151445374         3.7215843201
        0.1153132264         3.7135620117
        0.1154819154         3.5553798676
        0.1156506044         3.5672359467
        0.1158192934         3.7448463440
        0.1159879824         3.7844333649
        0.1161566714         3.6702270508
        0.1163253604         3.6466159821
        0.1164940494         3.6204471588
        0.1166627384         3.6477642059
        0.1168314274         3.7164020538
        0.1170001164         3.5816993713
        0.1171688054         3.5789680481
        0.1173374944         3.5555305481
        0.1175061834         3.5353736877
        0.1176748724         3.4514408112
        0.1178435614         3.5710201263
        0.1180122504         3.6349029541
        0.1181809394         3.6366615295
        0.1183496284         3.6739788055
        0.1185183174         3.6452960968
        0.1186870064         3.4549808502
        0.1188556954         3.2805137634
        0.1190243844         3.3078403473
        0.1191930734         3.4513359070
        0.1193617624         3.7151432037
        0.1195304514         3.8215179443
        0.1196991403         3.8930683136
        0.1198678293         3.6984100342
        0.1200365183         3.5555229187
        0.1202052073         3.4194087982
        0.1203738963         3.5365982056
        0.1205425853         3.6095561981
        0.1207112743         3.5802536011
        0.1208799633         3.4810810089
        0.1210486523         3.5758457184
        0.1212173413         3.6316471100
        0.1213860303         3.6495189667
        0.1215547193         3.5948257446
        0.1217234083         3.5396499634
        0.1218920973         3.5747756958
        0.1220607863         3.6016902924
        0.1222294753         3.5480384827
        0.1223981643         3.4546852112
        0.1225668533         3.3177013397
        0.1227355423         3.4021129608
        0.1229042313         3.4916496277
        0.1230729203         3.5874061584
        0.1232416093         3.3719844818
        0.1234102983         3.3749065399
        0.1235789873         3.3004455566
        0.1237476763         3.3957729340
        0.1239163653         3.4650287628
        0.1240850543         3.5773468018
        0.1242537433         3.5814857483
        0.1244224323         3.5733375549
        0.1245911213         3.3817558289
        0.1247598103         3.2047348022
        0.1249284993         3.2083377838
        0.1250971883         3.4655246735
        0.1252658773         3.5631656647
        0.1254345663         3.5928344727
        0.1256032553         3.5658702850
        0.1257719443         3.3813571930
        0.1259406333         3.2727985382
        0.1261093223         3.2510967255
        0.1262780113         3.2047653198
        0.1264467003         3.2800674438
        0.1266153893         3.3790493011
        0.1267840783         3.3275585175
        0.1269527673         3.0791339874
        0.1271214563         3.0730304718
        0.1272901453         3.1296463013
        0.1274588343         3.1984272003
        0.1276275233         3.2504749298
        0.1277962123         3.3044414520
        0.1279649013         3.2959346771
        0.1281335903         3.2995281219
        0.1283022793         3.3753986359
        0.1284709683         3.4948520660
        0.1286396573         3.4646911621
        0.1288083463         3.3818969727
        0.1289770353         3.5355701447
        0.1291457243         3.5396938324
        0.1293144133         3.4884510040
        0.1294831023         3.3220272064
        0.1296517913         3.3842296600
        0.1298204803         3.4450454712
        0.1299891693         3.3674659729
        0.1301578583         3.1929588318
        0.1303265473         3.2599563599
        0.1304952363         3.4063625336
        0.1306639253         3.5233898163
        0.1308326143         3.5210914612
        0.1310013033         3.4907627106
        0.1311699923         3.5154037476
        0.1313386813         3.4725379944
        0.1315073703         3.2523193359
        0.1316760593         3.1674861908
        0.1318447483         3.1276054382
        0.1320134373         3.3070716858
        0.1321821262         3.3021240234
        0.1323508152         3.2944068909
        0.1325195042         3.2726840973
        0.1326881932         3.3312454224
        0.1328568822         3.4445533752
        0.1330255712         3.3612270355
        0.1331942602         3.3184852600
        0.1333629492         3.2534732819
        0.1335316382         3.3409519196
        0.1337003272         3.4859352112
        0.1338690162         3.4176940918
        0.1340377052         3.2496948242
        0.1342063942         3.1624431610
        0.1343750832         3.1968021393
        0.1345437722         3.1061019897
        0.1347124612         3.2317695618
        0.1348811502         3.2472724915
        0.1350498392         3.2978382111
        0.1352185282         3.1927356720
        0.1353872172         3.1990070343
        0.1355559062         3.2379035950
        0.1357245952         3.1689167023
        0.1358932842         3.2708759308
        0.1360619732         3.3677024841
        0.1362306622         3.3175258636
        0.1363993512         3.3682479858
        0.1365680402         3.4606323242
        0.1367367292         3.4294300079
        0.1369054182         3.2187252045
        0.1370741072         3.1789417267
        0.1372427962         3.3205680847
        0.1374114852         3.2611198425
        0.1375801742         3.1988906860
        0.1377488632         3.1922454834
        0.1379175522         3.2488670349
        0.1380862412         3.2648029327
        0.1382549302         3.2020664215
        0.1384236192         3.2481517792
        0.1385923082         3.2781314850
        0.1387609972         3.1952304840
        0.1389296862         3.2563476562
        0.1390983752         3.3794727325
        0.1392670642         3.5235099792
        0.1394357532         3.5296554565
        0.1396044422         3.4557380676
        0.1397731312         3.3251914978
        0.1399418202         3.2360782623
        0.1401105092         3.1750164032
        0.1402791982         3.1805782318
        0.1404478872         3.2902736664
        0.1406165762         3.2335796356
        0.1407852652         3.1927165985
        0.1409539542         3.1050834656
        0.1411226432         3.0961627960
        0.1412913322         3.0849571228
        0.1414600212         3.1675052643
        0.1416287102         3.2226028442
        0.1417973992         3.2901382446
        0.1419660882         3.1749038696
        0.1421347772         3.1666393280
        0.1423034662         3.2153110504
        0.1424721552         3.2833633423
        0.1426408442         3.2787208557
        0.1428095332         3.3000259399
        0.1429782222         3.2115306854
        0.1431469112         2.9997692108
        0.1433156002         2.9094562531
        0.1434842892         2.8947963715
        0.1436529782         2.9346446991
        0.1438216672         3.0555343628
        0.1439903562         3.0920104980
        0.1441590452         3.1752510071
        0.1443277342         3.1925182343
        0.1444964232         3.1549510956
        0.1446651121         3.0674495697
        0.1448338011         3.0588016510
        0.1450024901         3.1149139404
        0.1451711791         3.1927528381
        0.1453398681         3.2203960419
        0.1455085571         3.2180767059
        0.1456772461         3.1617240906
        0.1458459351         3.1866912842
        0.1460146241         3.2764186859
        0.1461833131         3.2155208588
        0.1463520021         3.2042331696
        0.1465206911         3.1311187744
        0.1466893801         3.1400127411
        0.1468580691         3.2037982941
        0.1470267581         3.2474670410
        0.1471954471         3.1428890228
        0.1473641361         3.0967864990
        0.1475328251         3.0008487701
        0.1477015141         3.0668125153
        0.1478702031         3.0152130127
        0.1480388921         3.0505580902
        0.1482075811         3.0936660767
        0.1483762701         3.2072143555
        0.1485449591         3.3211250305
        0.1487136481         3.3937797546
        0.1488823371         3.2125568390
        0.1490510261         3.1408424377
        0.1492197151         3.1996097565
        0.1493884041         3.3769531250
        0.1495570931         3.4078865051
        0.1497257821         3.2098960876
        0.1498944711         2.9902038574
        0.1500631601         3.1145992279
        0.1502318491         3.2209529877
        0.1504005381         3.0902290344
        0.1505692271         2.9497432709
        0.1507379161         2.9066619873
        0.1509066051         3.0794849396
        0.1510752941         3.1572875977
        0.1512439831         3.3244285583
        0.1514126721         3.3599834442
        0.1515813611         3.4317607880
        0.1517500501         3.2887840271
        0.1519187391         3.1567459106
        0.1520874281         3.1594238281
        0.1522561171         3.2027683258
        0.1524248061         3.0872459412
        0.1525934951         3.0104408264
        0.1527621841         3.0894870758
        0.1529308731         3.0288715363
        0.1530995621         3.0978012085
        0.1532682511         3.0844726562
        0.1534369401         3.1897563934
        0.1536056291         3.1250095367
        0.1537743181         3.1720504761
        0.1539430071         3.0373210907
        0.1541116961         2.9570846558
        0.1542803851         2.8439331055
        0.1544490741         2.8050289154
        0.1546177631         2.8381271362
        0.1547864521         2.9455566406
        0.1549551411         3.0042400360
        0.1551238301         3.1853485107
        0.1552925191         3.3604240417
        0.1554612081         3.3168907166
        0.1556298971         3.1176376343
        0.1557985861         3.1552772522
        0.1559672751         3.1605606079
        0.1561359641         3.1420650482
        0.1563046531         3.0876941681
        0.1564733421         3.1722888947
        0.1566420311         3.1576900482
        0.1568107201         3.1944885254
        0.1569794091         3.1435737610
        0.1571480981         3.0676078796
        0.1573167870         3.0558910370
        0.1574854760         3.1410675049
        0.1576541650         3.2358436584
        0.1578228540         3.1195716858
        0.1579915430         3.0285091400
        0.1581602320         2.9583377838
        0.1583289210         3.0531845093
        0.1584976100         3.0394706726
        0.1586662990         3.1176471710
        0.1588349880         3.1812057495
        0.1590036770         3.1308593750
        0.1591723660         3.0809402466
        0.1593410550         2.9741535187
        0.1595097440         2.9407958984
        0.1596784330         3.0111560822
        0.1598471220         3.0191974640
        0.1600158110         3.0465850830
        0.1601845000         3.1237983704
        0.1603531890         3.1400146484
        0.1605218780         3.0662612915
        0.1606905670         3.0702056885
        0.1608592560         3.0523605347
        0.1610279450         2.9633884430
        0.1611966340         3.0876255035
        0.1613653230         3.0681037903
        0.1615340120         2.8786983490
        0.1617027010         2.8686466217
        0.1618713900         3.0311279297
        0.1620400790         3.0126380920
        0.1622087680         2.8323764801
        0.1623774570         2.7945327759
        0.1625461460         2.9027824402
        0.1627148350         2.9971694946
        0.1628835240         2.8705272675
        0.1630522130         2.8661251068
        0.1632209020         2.8978729248
        0.1633895910         2.9493083954
        0.1635582800         2.9179191589
        0.1637269690         3.0369548798
        0.1638956580         3.1142940521
        0.1640643470         3.0012092590
        0.1642330360         2.9502391815
        0.1644017250         2.9241580963
        0.1645704140         2.9529800415
        0.1647391030         2.9337673187
        0.1649077920         3.0332946777
        0.1650764810         2.8776912689
        0.1652451700         2.9519996643
        0.1654138590         3.0104713440
        0.1655825480         3.1431560516
        0.1657512370         3.0741043091
        0.1659199260         3.0887527466
        0.1660886150         3.0888881683
        0.1662573040         2.9317531586
        0.1664259930         2.9327316284
        0.1665946820         3.0580692291
        0.1667633710         3.1929588318
        0.1669320600         3.0968322754
        0.1671007490         3.0475902557
        0.1672694380         3.0102748871
        0.1674381270         3.0421485901
        0.1676068160         3.0940456390
        0.1677755050         2.9126930237
        0.1679441940         2.9469165802
        0.1681128830         3.0152606964
        0.1682815720         3.0036506653
        0.1684502610         3.0279750824
        0.1686189500         3.1123046875
        0.1687876390         3.1512184143
        0.1689563280         3.0888385773
        0.1691250170         3.0317382812
        0.1692937060         3.0231895447
        0.1694623950         2.8902683258
        0.1696310840         2.8626670837
        0.1697997729         2.8095779419
        0.1699684619         2.9191780090
        0.1701371509         3.0918292999
        0.1703058399         3.0448722839
        0.1704745289         3.0126476288
        0.1706432179         2.8727035522
        0.1708119069         2.9539718628
        0.1709805959         2.8934497833
        0.1711492849         2.9121723175
        0.1713179739         3.0014648438
        0.1714866629         3.1480197906
        0.1716553519         3.2002162933
        0.1718240409         3.1352672577
        0.1719927299         2.9598674774
        0.1721614189         2.7947635651
        0.1723301079         2.7286949158
        0.1724987969         2.8716773987
        0.1726674859         2.9272727966
        0.1728361749         2.9483299255
        0.1730048639         2.9446887970
        0.1731735529         2.9552745819
        0.1733422419         2.7164230347
        0.1735109309         2.7164993286
        0.1736796199         2.7764816284
        0.1738483089         2.9774589539
        0.1740169979         2.9236011505
        0.1741856869         2.9623546600
        0.1743543759         3.0271358490
        0.1745230649         3.0096073151
        0.1746917539         2.8012847900
        0.1748604429         2.6046504974
        0.1750291319         2.5508670807
        0.1751978209         2.6915950775
        0.1753665099         2.8095531464
        0.1755351989         2.9387149811
        0.1757038879         3.0223064423
        0.1758725769         3.2198257446
        0.1760412659         3.1995773315
        0.1762099549         2.9774208069
        0.1763786439         2.9354591370
        0.1765473329         3.0237369537
        0.1767160219         3.1202297211
        0.1768847109         3.0622501373
        0.1770533999         2.9356975555
        0.1772220889         3.1014423370
        0.1773907779         3.1277561188
        0.1775594669         3.0322132111
        0.1777281559         3.0358524323
        0.1778968449         2.9196815491
        0.1780655339         2.9953117371
        0.1782342229         2.9302444458
        0.1784029119         3.0288352966
        0.1785716009         2.8981742859
        0.1787402899         2.8723335266
        0.1789089789         2.9411449432
        0.1790776679         3.0755405426
        0.1792463569         3.1690692902
        0.1794150459         3.2963294983
        0.1795837349         3.2182846069
        0.1797524239         3.0552864075
        0.1799211129         2.8885173798
